100
1
360
1
3
4
6
8
10
11
13
15
17
18
20
22
23
25
27
29
30
32
34
35
37
38
40
42
43
45
46
48
49
51
53
54
55
57
58
60
61
63
64
65
67
68
69
70
72
70
69
68
67
65
64
63
61
60
58
57
55
54
53
51
49
48
46
45
43
42
40
38
37
35
34
32
30
29
27
25
23
22
20
18
17
15
13
11
10
8
6
4
3
1
3
4
6
8
10
11
13
15
17
18
20
22
23
25
27
29
30
32
34
35
37
38
40
42
43
45
46
48
49
51
53
54
55
57
58
60
61
63
64
65
67
68
69
70
72
70
69
68
67
65
64
63
61
60
58
57
55
54
53
51
49
48
46
45
43
42
40
38
37
35
34
32
30
29
27
25
23
22
20
18
17
15
13
11
10
8
6
4
3
1
3
4
6
8
10
11
13
15
17
18
20
22
23
25
27
29
30
32
34
35
37
38
40
42
43
45
46
48
49
51
53
54
55
57
58
60
61
63
64
65
67
68
69
70
72
70
69
68
67
65
64
63
61
60
58
57
55
54
53
51
49
48
46
45
43
42
40
38
37
35
34
32
30
29
27
25
23
22
20
18
17
15
13
11
10
8
6
4
3
1
3
4
6
8
10
11
13
15
17
18
20
22
23
25
27
29
30
32
34
35
37
38
40
42
43
45
46
48
49
51
53
54
55
57
58
60
61
63
64
65
67
68
69
70
72
70
69
68
67
65
64
63
61
60
58
57
55
54
53
51
49
48
46
45
43
42
40
38
37
35
34
32
30
29
27
25
23
22
20
18
17
15
13
11
10
8
6
4
3
1
1
3
4
6
8
10
12
13
15
17
18
20
22
24
25
27
29
30
32
34
35
37
39
40
42
43
45
47
48
50
51
53
54
56
57
58
60
61
63
64
66
67
69
70
71
72
71
70
69
67
66
64
63
61
60
58
57
56
54
53
51
50
48
47
45
43
42
40
39
37
35
34
32
30
29
27
25
24
22
20
18
17
15
13
12
10
8
6
4
3
1
3
4
6
8
10
12
13
15
17
18
20
22
24
25
27
29
30
32
34
35
37
39
40
42
43
45
47
48
50
51
53
54
56
57
58
60
61
63
64
66
67
69
70
71
72
71
70
69
67
66
64
63
61
60
58
57
56
54
53
51
50
48
47
45
43
42
40
39
37
35
34
32
30
29
27
25
24
22
20
18
17
15
13
12
10
8
6
4
3
1
3
4
6
8
10
12
13
15
17
18
20
22
24
25
27
29
30
32
34
35
37
39
40
42
43
45
47
48
50
51
53
54
56
57
58
60
61
63
64
66
67
69
70
71
72
71
70
69
67
66
64
63
61
60
58
57
56
54
53
51
50
48
47
45
43
42
40
39
37
35
34
32
30
29
27
25
24
22
20
18
17
15
13
12
10
8
6
4
3
1
3
4
6
8
10
12
13
15
17
18
20
22
24
25
27
29
30
32
34
35
37
39
40
42
43
45
47
48
50
51
53
54
56
57
58
60
61
63
64
66
67
69
70
71
72
71
70
69
67
66
64
63
61
60
58
57
56
54
53
51
50
48
47
45
43
42
40
39
37
35
34
32
30
29
27
25
24
22
20
18
17
15
13
12
10
8
6
4
3
1
1
2
4
6
7
9
11
13
14
16
18
20
21
23
25
26
28
30
31
33
35
36
38
40
41
43
44
47
48
50
52
53
54
56
57
59
60
62
63
64
66
67
68
70
71
72
71
70
68
67
66
64
63
62
60
59
57
56
54
53
52
50
48
47
44
43
41
40
38
36
35
33
31
30
28
26
25
23
21
20
18
16
14
13
11
9
7
6
4
2
1
2
4
6
7
9
11
13
14
16
18
20
21
23
25
26
28
30
31
33
35
36
38
40
41
43
44
47
48
50
51
53
54
56
57
59
60
62
63
64
66
67
68
70
71
72
71
70
68
67
66
64
63
62
60
59
57
56
54
53
52
50
48
47
44
43
41
40
38
36
35
33
31
30
28
26
25
23
21
20
18
16
14
13
11
9
7
6
4
2
1
2
4
6
7
9
11
13
14
16
18
20
21
23
25
26
28
30
31
33
35
36
38
40
41
43
44
47
48
50
52
53
54
56
57
59
60
62
63
64
66
67
68
70
71
72
71
70
68
67
66
64
63
62
60
59
57
56
54
53
52
50
48
47
44
43
41
40
38
36
35
33
31
30
28
26
25
23
21
20
18
16
14
13
11
9
7
6
4
2
1
2
4
6
7
9
11
13
14
16
18
20
21
23
25
26
28
30
31
33
35
36
38
40
41
43
44
47
48
50
52
53
54
56
57
59
60
62
63
64
66
67
68
70
71
72
71
70
68
67
66
64
63
62
60
59
57
56
54
53
52
50
48
47
44
43
41
40
38
36
35
33
31
30
28
26
25
23
21
20
18
16
14
13
11
9
7
6
4
2
1
1
3
4
6
8
10
12
13
15
17
18
20
22
24
25
27
29
30
32
34
35
37
39
40
42
43
45
47
48
50
51
53
54
56
57
58
60
61
63
64
66
67
69
70
71
72
71
70
69
67
66
64
63
61
60
58
57
56
54
53
51
50
48
47
45
43
42
40
39
37
35
34
32
30
29
27
25
24
22
20
18
17
15
13
12
10
8
6
4
3
1
3
4
6
8
10
12
13
15
17
18
20
22
24
25
27
29
30
32
34
35
37
39
40
42
43
45
47
48
50
51
53
54
56
57
58
60
61
63
64
66
67
69
70
71
72
71
70
69
67
66
64
63
61
60
58
57
56
54
53
51
50
48
47
45
43
42
40
39
37
35
34
32
30
29
27
25
24
22
20
18
17
15
13
12
10
8
6
4
3
1
3
4
6
8
10
12
13
15
17
18
20
22
24
25
27
29
30
32
34
35
37
39
40
42
43
45
47
48
50
51
53
54
56
57
58
60
61
63
64
66
67
69
70
71
72
71
70
69
67
66
64
63
61
60
58
57
56
54
53
51
50
48
47
45
43
42
40
39
37
35
34
32
30
29
27
25
24
22
20
18
17
15
13
12
10
8
6
4
3
1
3
4
6
8
10
12
13
15
17
18
20
22
24
25
27
29
30
32
34
35
37
39
40
42
43
45
47
48
50
51
53
54
56
57
58
60
61
63
64
66
67
69
70
71
72
71
70
69
67
66
64
63
61
60
58
57
56
54
53
51
50
48
47
45
43
42
40
39
37
35
34
32
30
29
27
25
24
22
20
18
17
15
13
12
10
8
6
4
3
1
0
1
3
5
6
8
10
12
13
15
17
19
20
22
24
25
27
29
30
32
34
35
37
39
40
42
43
45
46
48
50
51
53
54
55
57
58
60
61
63
64
65
66
68
69
70
69
68
66
65
64
63
61
60
58
57
55
54
53
51
50
48
46
45
43
42
40
39
37
35
34
32
30
29
27
25
24
22
20
19
17
15
13
12
10
8
6
5
3
1
0
1
3
5
6
8
10
12
13
15
17
19
20
22
24
25
27
29
30
32
34
35
37
39
40
42
43
45
46
48
50
51
53
54
55
57
58
60
61
63
64
65
66
68
69
70
68
68
65
65
63
62
61
60
58
56
55
53
52
52
49
48
47
44
43
41
40
38
38
36
33
32
31
30
28
26
24
22
21
19
18
16
14
13
11
9
6
6
4
1
0
1
4
6
6
9
11
13
14
16
18
19
21
22
24
26
28
30
31
32
33
36
38
38
41
41
43
44
47
48
49
52
52
53
55
56
58
59
61
62
63
64
65
68
68
70
68
68
65
64
63
62
61
59
58
56
55
53
52
52
49
48
47
44
43
41
40
38
38
36
33
32
31
30
28
26
24
22
21
19
18
16
14
13
11
9
6
6
3
1
0
1
3
6
6
9
11
13
14
16
18
19
21
22
24
26
28
30
31
32
33
35
38
38
40
41
43
44
47
48
49
52
52
53
55
56
58
60
61
62
64
65
65
68
68
70
69
68
66
65
64
63
61
60
58
57
55
54
53
51
50
48
46
45
43
42
40
39
37
35
34
32
30
29
27
25
24
22
20
19
17
15
13
12
10
8
6
5
3
1
0
